[gd_scene load_steps=8 format=3 uid="uid://du0csb5w14xsk"]

[ext_resource type="PackedScene" uid="uid://7lhhp3s64ijo" path="res://scenes/MovPlayer.tscn" id="1_ffufx"]
[ext_resource type="PackedScene" uid="uid://cci8xua4igsc1" path="res://models/escenario_borrador.glb" id="2_fqq2w"]
[ext_resource type="PackedScene" uid="uid://eqooqlq6asja" path="res://scenes/generador.tscn" id="3_yi80f"]

[sub_resource type="ProceduralSkyMaterial" id="ProceduralSkyMaterial_hmbbv"]
sky_top_color = Color(1, 1, 1, 1)
sky_horizon_color = Color(0, 0, 0, 1)
sky_cover_modulate = Color(0, 0, 0, 1)
ground_bottom_color = Color(0, 0, 0, 1)
ground_horizon_color = Color(0, 0, 0, 1)

[sub_resource type="Sky" id="Sky_06g6k"]
sky_material = SubResource("ProceduralSkyMaterial_hmbbv")

[sub_resource type="Environment" id="Environment_g2ofk"]
background_mode = 2
background_energy_multiplier = 0.01
sky = SubResource("Sky_06g6k")
tonemap_mode = 2
sdfgi_enabled = true
glow_enabled = true

[sub_resource type="BoxShape3D" id="BoxShape3D_4muiy"]
size = Vector3(88.7747, 12.0608, 133.729)

[node name="Escenario" type="Node3D"]
transform = Transform3D(-4.37114e-08, 0, 1, 0, 1, 0, -1, 0, -4.37114e-08, 0, 0, 0)

[node name="GI" type="WorldEnvironment" parent="."]
environment = SubResource("Environment_g2ofk")

[node name="Player" parent="." instance=ExtResource("1_ffufx")]
transform = Transform3D(0.1, 0, 0, 0, 0.1, 0, 0, 0, 0.1, -18.4205, 1.62286, -0.790695)
sens = 2.0

[node name="Camera3D" type="Camera3D" parent="."]
transform = Transform3D(-4.20411e-08, 0.273791, -0.961789, 1.19678e-08, 0.961789, 0.273791, 1, -8.88178e-16, -4.37114e-08, -39.386, 20.279, 0)

[node name="escenario_borrador" parent="." instance=ExtResource("2_fqq2w")]

[node name="Foco1" type="SpotLight3D" parent="."]
transform = Transform3D(0.987568, -0.0390817, 0.152257, -0.157193, -0.245531, 0.956559, 0, -0.968601, -0.248622, -13.663, 37.8036, -37.6251)
light_color = Color(0, 1, 0, 1)
light_energy = 15.0
light_bake_mode = 1
spot_range = 53.5653
spot_angle = 39.99

[node name="Foco2" type="SpotLight3D" parent="."]
transform = Transform3D(0.969518, 0.0609174, -0.237326, 0.24502, -0.241044, 0.939076, 0, -0.968601, -0.248622, -24.9894, 37.8036, -18.6231)
light_color = Color(1, 0, 0, 1)
light_energy = 15.0
light_bake_mode = 1
spot_range = 62.7319
spot_angle = 39.99

[node name="Foco3" type="SpotLight3D" parent="."]
transform = Transform3D(1, 0, 0, 0, -0.580532, 0.814237, 0, -0.814237, -0.580532, -20.8188, 37.8036, -10.0704)
light_color = Color(1, 0, 1, 1)
light_energy = 15.0
light_bake_mode = 1
spot_range = 53.3953
spot_angle = 39.99

[node name="Foco4" type="SpotLight3D" parent="."]
transform = Transform3D(0.279082, -0.931365, 0.233821, 0.239947, 0.303408, 0.922155, -0.929806, -0.201252, 0.308154, -13.5524, 37.8036, 37.4591)
light_color = Color(0, 1, 0, 1)
light_energy = 15.0
light_bake_mode = 1
spot_range = 44.529
spot_angle = 39.99

[node name="Foco5" type="SpotLight3D" parent="."]
transform = Transform3D(0.211547, -0.977368, -4.46278e-08, 0.584332, 0.126476, 0.801598, -0.783457, -0.169575, 0.597863, -7.0934, 37.8036, 31.7803)
light_color = Color(1, 0, 1, 1)
light_energy = 15.0
light_bake_mode = 1
spot_range = 44.529
spot_angle = 39.99

[node name="Foco6" type="SpotLight3D" parent="."]
transform = Transform3D(0.171402, -0.97831, -0.116319, 0.337416, -0.0526342, 0.939883, -0.92562, -0.200346, 0.321076, -18.3542, 37.8595, 40.8453)
light_color = Color(1, 0, 0, 1)
light_energy = 15.0
light_bake_mode = 1
spot_range = 44.529
spot_angle = 39.99

[node name="Foco7" type="SpotLight3D" parent="."]
transform = Transform3D(0.171402, -0.97831, -0.116319, 0.0638913, -0.10678, 0.992228, -0.983127, -0.177502, 0.0442032, -4.73952, 36.7332, -10.6236)
light_color = Color(1, 1, 0, 1)
light_energy = 15.0
light_bake_mode = 1
spot_range = 44.529
spot_angle = 39.99

[node name="Foco8" type="SpotLight3D" parent="."]
transform = Transform3D(0.190809, -0.981627, 1.48785e-08, -4.31851e-08, 6.76261e-09, 1, -0.981627, -0.190809, -4.11013e-08, -4.73952, 36.7332, 0.388752)
light_energy = 15.0
light_bake_mode = 1
spot_range = 44.529
spot_angle = 39.99

[node name="Foco9" type="SpotLight3D" parent="."]
transform = Transform3D(0.171402, -0.97831, -0.116319, -0.0617532, -0.128503, 0.989785, -0.983264, -0.162468, -0.0824395, -23.7672, 35.9302, 10.4547)
light_color = Color(1, 1, 0, 1)
light_energy = 15.0
light_bake_mode = 1
spot_range = 44.529
spot_angle = 39.99

[node name="DirectionalLight3D" type="DirectionalLight3D" parent="."]
transform = Transform3D(-0.00844033, 0.937142, 0.348846, -0.0226675, -0.348948, 0.936868, 0.999707, 9.31595e-10, 0.0241879, 77.3282, 48.0327, -3.06046)
visible = false
light_energy = 0.1
sky_mode = 1

[node name="FocosPublicoIzquierda" type="Node3D" parent="."]
transform = Transform3D(4.14108, 0, 0, 0, 0.929815, 0.368027, 0, -0.368027, 0.929815, 10.3429, 47.5466, -40.4683)

[node name="F1" type="SpotLight3D" parent="FocosPublicoIzquierda"]
transform = Transform3D(1, 0, 0, 0, -4.37114e-08, 1, 0, -1, -4.37114e-08, 0, 0, 0)
light_color = Color(0.678431, 0.678431, 0, 1)
light_energy = 3.0
spot_range = 93.734

[node name="F2" type="SpotLight3D" parent="FocosPublicoIzquierda"]
transform = Transform3D(1, 0, 0, 0, -4.37114e-08, 1, 0, -1, -4.37114e-08, 5, 0, 0)
light_color = Color(0.678431, 0.678431, 0, 1)
light_energy = 3.0
spot_range = 93.734

[node name="F3" type="SpotLight3D" parent="FocosPublicoIzquierda"]
transform = Transform3D(1, 0, 0, 0, -4.37114e-08, 1, 0, -1, -4.37114e-08, 10, 0, 0)
light_color = Color(0.678431, 0.678431, 0, 1)
light_energy = 3.0
spot_range = 93.734

[node name="F4" type="SpotLight3D" parent="FocosPublicoIzquierda"]
transform = Transform3D(1, 0, 0, 0, -4.37114e-08, 1, 0, -1, -4.37114e-08, 15, 0, 0)
light_color = Color(0.678431, 0.678431, 0, 1)
light_energy = 3.0
spot_range = 93.734

[node name="F5" type="SpotLight3D" parent="FocosPublicoIzquierda"]
transform = Transform3D(1, 0, 0, 0, -4.37114e-08, 1, 0, -1, -4.37114e-08, 20, 0, 0)
light_color = Color(0.678431, 0.678431, 0, 1)
light_energy = 3.0
spot_range = 93.734

[node name="F5" type="SpotLight3D" parent="."]
transform = Transform3D(1, 0, 0, 0, -4.37114e-08, 1, 0, -1, -4.37114e-08, 92.8257, 51.0174, 1.83619)
light_color = Color(0.678431, 0.678431, 0, 1)
light_energy = 3.0
spot_range = 93.734

[node name="FocosPublicoDerecha" type="Node3D" parent="."]
transform = Transform3D(4.14108, 0, 0, 0, 0.929776, -0.368125, 0, 0.368125, 0.929776, 10.3429, 47.5466, 41.9421)

[node name="F1" type="SpotLight3D" parent="FocosPublicoDerecha"]
transform = Transform3D(1, 0, 0, 0, -4.37114e-08, 1, 0, -1, -4.37114e-08, 0, 0, 0)
light_color = Color(0.678431, 0.678431, 0, 1)
light_energy = 3.0
spot_range = 93.734

[node name="F2" type="SpotLight3D" parent="FocosPublicoDerecha"]
transform = Transform3D(1, 0, 0, 0, -4.37114e-08, 1, 0, -1, -4.37114e-08, 5, 0, 0)
light_color = Color(0.678431, 0.678431, 0, 1)
light_energy = 3.0
spot_range = 93.734

[node name="F3" type="SpotLight3D" parent="FocosPublicoDerecha"]
transform = Transform3D(1, 0, 0, 0, -4.37114e-08, 1, 0, -1, -4.37114e-08, 10, 0, 0)
light_color = Color(0.678431, 0.678431, 0, 1)
light_energy = 3.0
spot_range = 93.734

[node name="F4" type="SpotLight3D" parent="FocosPublicoDerecha"]
transform = Transform3D(1, 0, 0, 0, -4.37114e-08, 1, 0, -1, -4.37114e-08, 15, 0, 0)
light_color = Color(0.678431, 0.678431, 0, 1)
light_energy = 3.0
spot_range = 93.734

[node name="F5" type="SpotLight3D" parent="FocosPublicoDerecha"]
transform = Transform3D(1, 0, 0, 0, -4.37114e-08, 1, 0, -1, -4.37114e-08, 20, 0, 0)
light_color = Color(0.678431, 0.678431, 0, 1)
light_energy = 3.0
spot_range = 93.734

[node name="Generador" parent="." instance=ExtResource("3_yi80f")]
transform = Transform3D(1, 0, 0, 0, 1, 0, 0, 0, 1, 22.0866, 10.5617, -0.0451975)

[node name="Timer" type="Timer" parent="Generador"]
wait_time = 2.0
autostart = true

[node name="StaticBody3D" type="StaticBody3D" parent="." groups=["suelo"]]
transform = Transform3D(1, 0, 0, 0, 1, 0, 0, 0, 1, -15.7127, 0, -6.86823e-07)
collision_layer = 2

[node name="CollisionShape3D" type="CollisionShape3D" parent="StaticBody3D"]
transform = Transform3D(1, 0, 0, 0, 1, 0, 0, 0, 1, -0.207397, -1.72813, 3.7211)
shape = SubResource("BoxShape3D_4muiy")
